2.004810245901639291e+03
2.005041369863013642e+03
2.005273013698630166e+03
2.005504657534246462e+03
2.005736301369862986e+03
2.005967945205479509e+03
2.006199589041095805e+03
2.006431232876712329e+03
2.006662876712328853e+03
2.006894520547945149e+03
2.007126164383561672e+03
2.007357808219177969e+03
2.007589452054794492e+03
2.007821095890411016e+03
2.008052595628415247e+03
2.008283606557376970e+03
2.008514617486338693e+03
2.008745628415300644e+03
2.008976639344262367e+03
2.009208219178082118e+03
2.009439863013698641e+03
2.009671506849315165e+03
2.009903150684931461e+03
2.010134794520547985e+03
2.010366438356164281e+03
2.010598082191780804e+03
2.010829726027397328e+03
2.011061369863013624e+03
2.011293013698630148e+03
2.011524657534246671e+03
2.011756301369862967e+03
2.011987945205479491e+03
2.012218989071038322e+03
2.012450000000000045e+03
2.012681010928961769e+03
2.012912021857923492e+03
2.013143424657534297e+03
2.013375068493150593e+03
2.013606712328767117e+03
