0.000000000000000000e+00 -1.349647110450475296e+01 1.203600000000000000e+05 1.856194808640063911e+02
1.000000000000000000e+00 -1.350905408483380121e+01 1.257150000000000000e+05 2.249671320779293069e+02
2.000000000000000000e+00 -1.349332238043278309e+01 1.222300000000000000e+05 3.212879940373753698e+02
3.000000000000000000e+00 -1.350093732362570620e+01 1.218900000000000000e+05 1.381156467427685470e+02
4.000000000000000000e+00 -1.349830058542178257e+01 1.167900000000000000e+05 1.185088484624339173e+02
5.000000000000000000e+00 -1.348259234107640303e+01 1.243550000000000000e+05 2.392178330107580564e+02
6.000000000000000000e+00 -1.345364080749932079e+01 1.171300000000000000e+05 1.401716696260725143e+02
7.000000000000000000e+00 -1.349664366154119044e+01 1.371900000000000000e+05 1.528670565800081533e+02
8.000000000000000000e+00 -1.351676945587679057e+01 1.260550000000000000e+05 1.682513118191371007e+02
9.000000000000000000e+00 -1.353002329625405054e+01 1.247800000000000000e+05 2.270442716069104847e+02
1.000000000000000000e+01 -1.355940807629778178e+01 1.189150000000000000e+05 2.558791730743172081e+02
1.100000000000000000e+01 -1.351583694094305521e+01 1.276700000000000000e+05 2.881351572932816794e+02
1.200000000000000000e+01 -1.352466922233492497e+01 1.244400000000000000e+05 2.215394834087683194e+02
1.300000000000000000e+01 -1.347028486226759902e+01 1.217200000000000000e+05 1.211762310509839295e+02
1.400000000000000000e+01 -1.346242672865947121e+01 1.264800000000000000e+05 1.304081020076920083e+02
1.500000000000000000e+01 -1.345200645006140405e+01 1.237600000000000000e+05 1.667413023672663712e+02
1.600000000000000000e+01 -1.345718307399637581e+01 1.265650000000000000e+05 2.377139628042305901e+02
1.700000000000000000e+01 -1.349542278884510793e+01 1.205300000000000000e+05 1.487362846658196531e+02
1.800000000000000000e+01 -1.354731886198895374e+01 1.243550000000000000e+05 1.632790075308643623e+02
1.900000000000000000e+01 -1.355441199219817605e+01 1.187450000000000000e+05 2.645507881423822596e+02
2.000000000000000000e+01 -1.360661739611132326e+01 1.427150000000000000e+05 2.029058212453114152e+02
2.100000000000000000e+01 -1.359853743590595698e+01 1.385500000000000000e+05 1.043237661223837449e+02
2.200000000000000000e+01 -1.359375116628696922e+01 1.251200000000000000e+05 2.553061091751181380e+02
2.300000000000000000e+01 -1.352753190944805084e+01 1.243550000000000000e+05 1.832539817573266134e+02
2.400000000000000000e+01 -1.350497431393401193e+01 1.186600000000000000e+05 2.358638116181735711e+02
2.500000000000000000e+01 -1.348376876013741921e+01 1.164500000000000000e+05 2.450787688733116738e+02
2.600000000000000000e+01 -1.344890050384351277e+01 1.422900000000000000e+05 1.690572997689558576e+02
2.700000000000000000e+01 -1.345828935498006729e+01 1.218900000000000000e+05 1.776842377448657828e+02
2.800000000000000000e+01 -1.345673288713454596e+01 1.286900000000000000e+05 1.185770923211981511e+02
2.900000000000000000e+01 -1.345689833214509257e+01 1.386350000000000000e+05 9.388101165387178071e+01
3.000000000000000000e+01 -1.347907652170047754e+01 1.295400000000000000e+05 2.153752217004504530e+02
3.100000000000000000e+01 -1.347491900230007111e+01 1.507900000000000000e+05 1.728261461541994493e+02
3.200000000000000000e+01 -1.358029056557483827e+01 1.186600000000000000e+05 5.118095523275384835e+02
3.300000000000000000e+01 -1.359584805214625725e+01 1.281800000000000000e+05 1.277296237851779921e+02
3.400000000000000000e+01 -1.361689515702697584e+01 1.312400000000000000e+05 3.465597758928831240e+02
3.500000000000000000e+01 -1.360120315321808349e+01 1.261400000000000000e+05 1.784347364994172551e+02
3.600000000000000000e+01 -1.363813490564072239e+01 1.259700000000000000e+05 2.697110130693322958e+02
3.700000000000000000e+01 -1.360635712819120968e+01 1.209550000000000000e+05 1.138130673713397556e+02
3.800000000000000000e+01 -1.360135400043496645e+01 1.364250000000000000e+05 1.802274679939422413e+02
3.900000000000000000e+01 -1.356411362273719945e+01 1.269050000000000000e+05 1.477855322390154527e+02
4.000000000000000000e+01 -1.353400117895341559e+01 1.183200000000000000e+05 1.708585176947056823e+02
4.100000000000000000e+01 -1.350932948163433878e+01 1.435650000000000000e+05 1.673233411790390051e+02
4.200000000000000000e+01 -1.347350547626758654e+01 1.311550000000000000e+05 2.893173925786422274e+02
4.300000000000000000e+01 -1.345306564261482407e+01 1.246950000000000000e+05 2.365804541504907661e+02
4.400000000000000000e+01 -1.342332416775283477e+01 1.252050000000000000e+05 1.607202280990175041e+02
4.500000000000000000e+01 -1.341904321163626435e+01 1.255450000000000000e+05 1.387318821648264020e+02
4.600000000000000000e+01 -1.341830243816638912e+01 1.255450000000000000e+05 2.620466083243504158e+02
4.700000000000000000e+01 -1.340666851708578378e+01 1.311550000000000000e+05 1.388383733016349595e+02
4.800000000000000000e+01 -1.352266031427469173e+01 9.316000000000000000e+04 1.693502462509104589e+02
4.900000000000000000e+01 -1.351563325060923226e+01 1.392300000000000000e+05 3.808894132545491402e+02
5.000000000000000000e+01 -1.356612016858325198e+01 1.173000000000000000e+05 2.324473067596535998e+02
5.100000000000000000e+01 -1.361151410326703726e+01 1.239300000000000000e+05 3.421554390040414546e+02
5.200000000000000000e+01 -1.362047429326574388e+01 1.278400000000000000e+05 1.682906869614083973e+02
5.300000000000000000e+01 -1.363933141413068206e+01 1.220600000000000000e+05 8.877584224538074409e+01
5.400000000000000000e+01 -1.362768523310158386e+01 1.395700000000000000e+05 2.030041533519442680e+02
5.500000000000000000e+01 -1.362691542983693793e+01 1.272450000000000000e+05 4.034196158825806720e+02
5.600000000000000000e+01 -1.364880619302683762e+01 1.190000000000000000e+05 2.672217342955244703e+02
5.700000000000000000e+01 -1.361863255008206863e+01 1.327700000000000000e+05 3.130820682229249314e+02
5.800000000000000000e+01 -1.359133943818526724e+01 1.237600000000000000e+05 1.049095218039934849e+02
5.900000000000000000e+01 -1.359053950681268574e+01 1.229950000000000000e+05 1.405625481755601527e+02
6.000000000000000000e+01 -1.354664169447792332e+01 1.252900000000000000e+05 1.348289949028420835e+02
6.100000000000000000e+01 -1.349481204174619720e+01 1.529150000000000000e+05 1.826847569429941700e+02
6.200000000000000000e+01 -1.345656371521948458e+01 1.337050000000000000e+05 3.121918211326935193e+02
6.300000000000000000e+01 -1.344754857115575852e+01 1.224000000000000000e+05 1.416544530436780747e+02
6.400000000000000000e+01 -1.341582347191879165e+01 1.497700000000000000e+05 2.593469340586063367e+02
6.500000000000000000e+01 -1.339391364860693656e+01 1.388050000000000000e+05 1.750047169482620859e+02
6.600000000000000000e+01 -1.337636684879720583e+01 1.390600000000000000e+05 9.883118824005855174e+01
6.700000000000000000e+01 -1.337769933245558107e+01 1.224850000000000000e+05 2.056351518998475285e+02
6.800000000000000000e+01 -1.338579889100768128e+01 1.230800000000000000e+05 2.642564638605092568e+02
6.900000000000000000e+01 -1.340941250644070593e+01 1.301350000000000000e+05 1.794552142167556212e+02
7.000000000000000000e+01 -1.349272971059590631e+01 1.626050000000000000e+05 2.032201249594822912e+02
7.100000000000000000e+01 -1.351936087923910890e+01 1.423750000000000000e+05 1.170913189946810036e+02
7.200000000000000000e+01 -1.354987453538760533e+01 1.535950000000000000e+05 3.928499665236752776e+02
7.300000000000000000e+01 -1.360040103020519631e+01 9.282000000000000000e+04 1.603685827083749587e+02
7.400000000000000000e+01 -1.366624194347844856e+01 1.357450000000000000e+05 1.961092599255610480e+02
7.500000000000000000e+01 -1.368386216860154647e+01 1.502800000000000000e+05 1.860597407219196384e+02
7.600000000000000000e+01 -1.363301205869308497e+01 1.250350000000000000e+05 2.775254769557062104e+02
7.700000000000000000e+01 -1.367280282468686181e+01 1.502800000000000000e+05 4.480813017407613188e+02
7.800000000000000000e+01 -1.365859995456500720e+01 1.343000000000000000e+05 1.607725828046753520e+02
7.900000000000000000e+01 -1.363405936897160231e+01 1.106700000000000000e+05 5.774237963797097706e+01
8.000000000000000000e+01 -1.357059860375612992e+01 8.381000000000000000e+04 1.624666472695855930e+02
8.100000000000000000e+01 -1.362464929377001432e+01 1.532550000000000000e+05 2.566607128498333736e+02
8.200000000000000000e+01 -1.362172311517813306e+01 1.275850000000000000e+05 1.302502156290273660e+02
8.300000000000000000e+01 -1.358786428833558446e+01 1.378700000000000000e+05 2.691168019064523946e+02
8.400000000000000000e+01 -1.358743807890795985e+01 1.540200000000000000e+05 1.798430732239490055e+02
8.500000000000000000e+01 -1.351974280949728069e+01 1.010650000000000000e+05 2.280926352062786009e+02
8.600000000000000000e+01 -1.353361340784400646e+01 1.501950000000000000e+05 2.247370459933619600e+02
8.700000000000000000e+01 -1.346852669449188511e+01 1.403350000000000000e+05 1.587992877994678338e+02
8.800000000000000000e+01 -1.345509258264110919e+01 1.179800000000000000e+05 1.933406323568495111e+02
8.900000000000000000e+01 -1.343114589231403500e+01 1.422900000000000000e+05 1.780598032529635191e+02
9.000000000000000000e+01 -1.339367302840317997e+01 1.176400000000000000e+05 1.795751216420067635e+02
9.100000000000000000e+01 -1.336860638987264238e+01 1.418650000000000000e+05 1.643182812195273073e+02
9.200000000000000000e+01 -1.333184043584315148e+01 1.252050000000000000e+05 2.240229172212571029e+02
9.300000000000000000e+01 -1.331366703308656874e+01 1.382100000000000000e+05 2.529240532890195823e+02
9.400000000000000000e+01 -1.336612751907670393e+01 1.426300000000000000e+05 2.442819974630648971e+02
9.500000000000000000e+01 -1.347322425091972953e+01 1.306450000000000000e+05 1.421868668863191658e+02
9.600000000000000000e+01 -1.345560106766667374e+01 1.583550000000000000e+05 1.920496182813729718e+02
9.700000000000000000e+01 -1.346469021590729831e+01 9.282000000000000000e+04 1.528011598413122840e+02
9.800000000000000000e+01 -1.355669572853173221e+01 1.456050000000000000e+05 2.278979313332203844e+02
9.900000000000000000e+01 -1.357003621607301191e+01 1.389750000000000000e+05 2.931881440547458055e+02
1.000000000000000000e+02 -1.362796353563659046e+01 1.218900000000000000e+05 1.395212080976984339e+02
1.010000000000000000e+02 -1.366665370495641163e+01 1.352350000000000000e+05 1.390842318638697748e+02
1.020000000000000000e+02 -1.372666898079173770e+01 1.318350000000000000e+05 1.279510996949096580e+02
1.030000000000000000e+02 -1.368093200520709019e+01 1.028500000000000000e+05 3.130866370343334779e+02
1.040000000000000000e+02 -1.368396824986259475e+01 1.242700000000000000e+05 2.382334546204413925e+02
1.050000000000000000e+02 -1.371577908819317315e+01 1.202750000000000000e+05 6.978893603779053478e+01
1.060000000000000000e+02 -1.363723935635995765e+01 1.351500000000000000e+05 3.815875085561335140e+02
1.070000000000000000e+02 -1.361711280895776355e+01 1.036150000000000000e+05 2.581968209664489109e+02
1.080000000000000000e+02 -1.368800347375134585e+01 1.510450000000000000e+05 2.317795188599229732e+02
1.090000000000000000e+02 -1.366098863792885609e+01 1.241000000000000000e+05 2.024081111307905871e+02
1.100000000000000000e+02 -1.362716070253726741e+01 1.354900000000000000e+05 2.848631359783514085e+02
1.110000000000000000e+02 -1.359432776474247007e+01 7.131500000000000000e+04 2.321097881626341177e+02
1.120000000000000000e+02 -1.357263094951960625e+01 1.261400000000000000e+05 1.986788230698705604e+02
1.130000000000000000e+02 -1.358324119881532255e+01 1.288600000000000000e+05 1.137853361794969231e+02
1.140000000000000000e+02 -1.354658668748961503e+01 1.491750000000000000e+05 2.465728708920952670e+02
1.150000000000000000e+02 -1.351969942301396088e+01 1.241850000000000000e+05 1.184311479265892046e+02
1.160000000000000000e+02 -1.350868121995980253e+01 1.047200000000000000e+05 1.467343441677987244e+02
1.170000000000000000e+02 -1.343509206451314952e+01 1.348950000000000000e+05 1.653933567535144675e+02
1.180000000000000000e+02 -1.340521076924358113e+01 1.410150000000000000e+05 6.169811373337824278e+01
1.190000000000000000e+02 -1.335917541280861975e+01 1.416100000000000000e+05 1.428880164990704031e+02
1.200000000000000000e+02 -1.325344957092783460e+01 1.324300000000000000e+05 1.356564585841609301e+02
1.210000000000000000e+02 -1.327693960259536610e+01 1.303900000000000000e+05 2.662167989797117116e+02
1.220000000000000000e+02 -1.326085667110305444e+01 1.357450000000000000e+05 1.552930842053490608e+02
1.230000000000000000e+02 -1.331540272401615255e+01 1.502800000000000000e+05 2.590067439641122746e+02
1.240000000000000000e+02 -1.339728330559540126e+01 9.596500000000000000e+04 1.261434217602812566e+02
1.250000000000000000e+02 -1.351941922809492524e+01 1.210400000000000000e+05 1.738375475799885521e+02
1.260000000000000000e+02 -1.348732097676635000e+01 1.426300000000000000e+05 1.607210963803293851e+02
1.270000000000000000e+02 -1.348988396884135987e+01 1.081200000000000000e+05 2.830157333127400534e+02
1.280000000000000000e+02 -1.353825216702666268e+01 1.257150000000000000e+05 3.276762845518368295e+02
1.290000000000000000e+02 -1.359846116626543733e+01 1.398250000000000000e+05 1.912238816489227986e+02
1.300000000000000000e+02 -1.362474376038068513e+01 9.537000000000000000e+04 1.210221518460418508e+02
1.310000000000000000e+02 -1.366933593070523401e+01 1.380400000000000000e+05 2.121782734049531314e+02
1.320000000000000000e+02 -1.372837577187295288e+01 1.313250000000000000e+05 1.854232218137202324e+02
1.330000000000000000e+02 -1.374709259032119135e+01 1.401650000000000000e+05 2.181061429936619618e+02
1.340000000000000000e+02 -1.373393230877872639e+01 1.135600000000000000e+05 4.416065180005315369e+02
1.350000000000000000e+02 -1.372336893222019150e+01 1.423750000000000000e+05 1.859790861934116890e+02
1.360000000000000000e+02 -1.367748076149292658e+01 1.626900000000000000e+05 4.289379772214155651e+02
1.370000000000000000e+02 -1.362466752069999210e+01 1.382100000000000000e+05 2.696181614766588268e+02
1.380000000000000000e+02 -1.364968694923994441e+01 1.325150000000000000e+05 2.893044883205309361e+02
1.390000000000000000e+02 -1.363925128897334460e+01 1.534250000000000000e+05 2.595179289887310006e+02
1.400000000000000000e+02 -1.365556966005945938e+01 1.706800000000000000e+05 1.706190713551635270e+02
1.410000000000000000e+02 -1.368777915037897586e+01 1.301350000000000000e+05 2.269448274078520456e+02
1.420000000000000000e+02 -1.363707407113759729e+01 1.459450000000000000e+05 2.452859002721734214e+02
1.430000000000000000e+02 -1.361669124860112490e+01 1.396550000000000000e+05 9.850819263822951655e+01
1.440000000000000000e+02 -1.360823252886167722e+01 1.372750000000000000e+05 1.844558685043129742e+02
1.450000000000000000e+02 -1.363345615071527916e+01 1.541900000000000000e+05 1.697751259280939280e+02
1.460000000000000000e+02 -1.357730667451631135e+01 1.507050000000000000e+05 1.584824577550248250e+02
1.470000000000000000e+02 -1.355171344743444450e+01 1.449250000000000000e+05 1.103787003237840594e+02
1.480000000000000000e+02 -1.351749852603058244e+01 1.469650000000000000e+05 1.667839952332369649e+02
1.490000000000000000e+02 -1.347052455895793521e+01 1.425450000000000000e+05 1.034928195771618249e+02
1.500000000000000000e+02 -1.342642330110664872e+01 1.635400000000000000e+05 1.693845436333629948e+02
1.510000000000000000e+02 -1.336996207508439305e+01 1.476450000000000000e+05 2.428790967258761668e+02
1.520000000000000000e+02 -1.327427395328723847e+01 1.474750000000000000e+05 2.344139009502719375e+02
1.530000000000000000e+02 -1.319889995271025995e+01 1.598000000000000000e+05 1.545891699439620766e+02
1.540000000000000000e+02 -1.327219049678320495e+01 1.405050000000000000e+05 1.280669612853224066e+02
1.550000000000000000e+02 -1.327757933905119003e+01 1.515550000000000000e+05 8.197838446347044794e+01
1.560000000000000000e+02 -1.338227282659621231e+01 1.365950000000000000e+05 1.617876198038131008e+02
1.570000000000000000e+02 -1.345255277844955977e+01 1.331950000000000000e+05 1.458709338532339643e+02
1.580000000000000000e+02 -1.349464740919443706e+01 1.414400000000000000e+05 2.272814610525228147e+02
1.590000000000000000e+02 -1.349561348796930460e+01 1.527450000000000000e+05 2.048592224173269472e+02
1.600000000000000000e+02 -1.352669780519641130e+01 1.547850000000000000e+05 1.786784248029715627e+02
1.610000000000000000e+02 -1.356291192390426481e+01 1.623500000000000000e+05 1.024685735532067810e+02
1.620000000000000000e+02 -1.366247955770661093e+01 1.489200000000000000e+05 2.498700724930927777e+02
1.630000000000000000e+02 -1.366934473280474016e+01 1.615000000000000000e+05 2.014719679177335649e+02
1.640000000000000000e+02 -1.372803910991258469e+01 1.534250000000000000e+05 1.660055186514382513e+02
1.650000000000000000e+02 -1.374084795437528150e+01 1.487500000000000000e+05 2.502178161163550953e+02
1.660000000000000000e+02 -1.375002658509608011e+01 1.665150000000000000e+05 2.470287218867832451e+02
1.670000000000000000e+02 -1.376716988207299863e+01 1.744200000000000000e+05 1.897814940496444081e+02
1.680000000000000000e+02 -1.373434286714852171e+01 1.483250000000000000e+05 2.722947572079908127e+02
1.690000000000000000e+02 -1.363600082732791385e+01 1.459450000000000000e+05 2.588277296180990561e+02
1.700000000000000000e+02 -1.356608856854216860e+01 1.416100000000000000e+05 1.830474337405559311e+02
1.710000000000000000e+02 -1.362356658210627280e+01 1.438200000000000000e+05 2.717386026656562876e+02
1.720000000000000000e+02 -1.360757270956515264e+01 1.423750000000000000e+05 3.490151129234237715e+02
1.730000000000000000e+02 -1.369256629676065806e+01 1.722950000000000000e+05 1.765230222536947338e+02
1.740000000000000000e+02 -1.367889215432897210e+01 1.747600000000000000e+05 2.281173144828820796e+02
1.750000000000000000e+02 -1.363563619932148718e+01 1.670250000000000000e+05 2.477084311307543203e+02
1.760000000000000000e+02 -1.364187865387890497e+01 1.609050000000000000e+05 1.761971107599823085e+02
1.770000000000000000e+02 -1.362379231768358068e+01 1.053150000000000000e+05 1.235844999922721854e+02
1.780000000000000000e+02 -1.359982169289546050e+01 1.870850000000000000e+05 2.004401606832036293e+02
1.790000000000000000e+02 -1.354164898262718353e+01 1.547850000000000000e+05 2.425176525625221871e+02
1.800000000000000000e+02 -1.346376355278320069e+01 1.536800000000000000e+05 2.050876158871540440e+02
1.810000000000000000e+02 -1.344672357042180622e+01 1.568250000000000000e+05 1.747497564770792167e+02
1.820000000000000000e+02 -1.340218695961093154e+01 1.442450000000000000e+05 2.291473258341415828e+02
1.830000000000000000e+02 -1.332978042628080395e+01 1.510450000000000000e+05 2.279863143459827199e+02
1.840000000000000000e+02 -1.314410389327173512e+01 1.448400000000000000e+05 1.358134383193106487e+02
1.850000000000000000e+02 -1.319111610997080852e+01 1.865750000000000000e+05 1.992508835455177234e+02
1.860000000000000000e+02 -1.323646875967604331e+01 1.877650000000000000e+05 1.373293826085535159e+02
1.870000000000000000e+02 -1.335880947170520017e+01 1.500250000000000000e+05 2.167430465376860980e+02
1.880000000000000000e+02 -1.342775281054347936e+01 1.530850000000000000e+05 1.180591974235842088e+02
1.890000000000000000e+02 -1.344874216129673528e+01 1.687250000000000000e+05 1.956823553362779080e+02
1.900000000000000000e+02 -1.348878673737745437e+01 1.717000000000000000e+05 2.460057854220257241e+02
1.910000000000000000e+02 -1.347976687383355454e+01 1.686400000000000000e+05 4.984089323766211521e+01
1.920000000000000000e+02 -1.354875739869803830e+01 1.575050000000000000e+05 3.937304069350050213e+02
1.930000000000000000e+02 -1.360550503815739098e+01 1.567400000000000000e+05 1.678185416261371756e+02
1.940000000000000000e+02 -1.366081237030841322e+01 1.678750000000000000e+05 2.409353681876301607e+02
1.950000000000000000e+02 -1.371975258834063283e+01 1.462850000000000000e+05 1.777977550835598777e+02
1.960000000000000000e+02 -1.367673544205844394e+01 1.533400000000000000e+05 3.559484746402434894e+02
1.970000000000000000e+02 -1.378634179918045177e+01 1.503650000000000000e+05 1.796094544623929607e+02
1.980000000000000000e+02 -1.382804947934996775e+01 1.484100000000000000e+05 1.935635961786899486e+02
1.990000000000000000e+02 -1.384641681600033358e+01 1.526600000000000000e+05 2.436229928780370528e+02
2.000000000000000000e+02 -1.375194523401748192e+01 1.598850000000000000e+05 1.249862721364254696e+02
2.010000000000000000e+02 -1.361966103675789341e+01 1.568250000000000000e+05 1.397060070650331625e+02
2.020000000000000000e+02 -1.357406199342335995e+01 1.668550000000000000e+05 4.112741970965960832e+02
2.030000000000000000e+02 -1.356029027754291683e+01 1.717000000000000000e+05 2.170910032685857232e+02
2.040000000000000000e+02 -1.366860730357556619e+01 1.507050000000000000e+05 1.355663349347913140e+02
2.050000000000000000e+02 -1.370814929267008075e+01 1.346400000000000000e+05 8.589462980429050276e+01
2.060000000000000000e+02 -1.368162163736325176e+01 1.597150000000000000e+05 2.142060661089067253e+02
2.070000000000000000e+02 -1.363100628302803941e+01 1.844500000000000000e+05 2.510182482500542847e+02
2.080000000000000000e+02 -1.367817935162984710e+01 1.783300000000000000e+05 1.596735689193790222e+02
2.090000000000000000e+02 -1.366716249683144113e+01 1.526600000000000000e+05 1.925159417953925072e+02
2.100000000000000000e+02 -1.361056563289333710e+01 1.561450000000000000e+05 2.162987586122379753e+02
2.110000000000000000e+02 -1.358120505759775121e+01 1.731450000000000000e+05 2.123997103454154001e+02
2.120000000000000000e+02 -1.351549922448963237e+01 1.708500000000000000e+05 1.459377622694564991e+02
2.130000000000000000e+02 -1.345498782606193267e+01 1.528300000000000000e+05 2.273650978662604984e+02
2.140000000000000000e+02 -1.340965182981302739e+01 1.511300000000000000e+05 2.087350085942490807e+02
2.150000000000000000e+02 -1.336322116463278320e+01 1.575900000000000000e+05 1.519894106138127370e+02
2.160000000000000000e+02 -1.322687468174820857e+01 1.629450000000000000e+05 1.777898396387624871e+02
2.170000000000000000e+02 -1.306464960954359000e+01 1.730600000000000000e+05 1.810492114254192302e+02
2.180000000000000000e+02 -1.324589264697655544e+01 1.707650000000000000e+05 2.318800700071658696e+02
2.190000000000000000e+02 -1.328632200100594574e+01 1.037850000000000000e+05 1.241257938395408758e+02
2.200000000000000000e+02 -1.333540723186795773e+01 1.686400000000000000e+05 2.283639009441994290e+02
2.210000000000000000e+02 -1.343707471355022953e+01 1.902300000000000000e+05 2.102982364406186093e+02
2.220000000000000000e+02 -1.348227837271948104e+01 1.539350000000000000e+05 1.234124909907665995e+02
2.230000000000000000e+02 -1.353188490288993862e+01 1.742500000000000000e+05 2.286863695222288015e+02
2.240000000000000000e+02 -1.357852759857647840e+01 1.481550000000000000e+05 1.821127584634317316e+02
2.250000000000000000e+02 -1.358210743561769362e+01 1.642200000000000000e+05 2.392300185176478635e+02
2.260000000000000000e+02 -1.366404724343647992e+01 1.163650000000000000e+05 7.414483985872755056e+01
2.270000000000000000e+02 -1.372742635585369264e+01 1.836000000000000000e+05 2.150232489300034899e+02
2.280000000000000000e+02 -1.372148460908808332e+01 1.535950000000000000e+05 2.946108812539466157e+02
2.290000000000000000e+02 -1.378995505958765833e+01 1.696600000000000000e+05 2.521112249260655744e+02
2.300000000000000000e+02 -1.381909714293743718e+01 1.536800000000000000e+05 2.368105351857699077e+02
2.310000000000000000e+02 -1.384786424575942476e+01 1.496850000000000000e+05 1.767037074553598472e+02
2.320000000000000000e+02 -1.384310297802833567e+01 1.717000000000000000e+05 1.106644157420474386e+02
2.330000000000000000e+02 -1.368119428915788838e+01 1.730600000000000000e+05 3.276328440877510388e+02
2.340000000000000000e+02 -1.358213821962796075e+01 1.531700000000000000e+05 2.862533594222310285e+02
2.350000000000000000e+02 -1.357341096876024444e+01 1.605650000000000000e+05 1.580767773007087271e+02
2.360000000000000000e+02 -1.372372606460601752e+01 1.834300000000000000e+05 2.269357103056718472e+02
2.370000000000000000e+02 -1.373754639144499379e+01 1.691500000000000000e+05 1.976854761644363236e+02
2.380000000000000000e+02 -1.371473826113794914e+01 1.802850000000000000e+05 2.596170281552156212e+02
2.390000000000000000e+02 -1.366138962079094554e+01 1.612450000000000000e+05 1.677805009494344688e+02
2.400000000000000000e+02 -1.367682292062497318e+01 1.547850000000000000e+05 1.530529039915152794e+02
2.410000000000000000e+02 -1.364817205983961124e+01 1.781600000000000000e+05 1.725227468815295708e+02
2.420000000000000000e+02 -1.359879268793389073e+01 1.750150000000000000e+05 1.873931803016852200e+02
2.430000000000000000e+02 -1.353536533049239310e+01 1.813900000000000000e+05 2.018757605288793968e+02
2.440000000000000000e+02 -1.345498335861275763e+01 1.751850000000000000e+05 1.627768556765763606e+02
2.450000000000000000e+02 -1.342059347509547074e+01 1.629450000000000000e+05 1.713893690768874478e+02
2.460000000000000000e+02 -1.336614001294879728e+01 1.960950000000000000e+05 3.494517975550751316e+02
2.470000000000000000e+02 -1.331886573276197794e+01 1.721250000000000000e+05 1.508949130642858734e+02
2.480000000000000000e+02 -1.305251829779214923e+01 1.743350000000000000e+05 2.549815948395332725e+02
2.490000000000000000e+02 -1.316880325166530952e+01 1.739100000000000000e+05 2.199084188623484692e+02
2.500000000000000000e+02 -1.327296636619375469e+01 1.994950000000000000e+05 1.698646079433294460e+02
2.510000000000000000e+02 -1.330455381671812276e+01 1.808800000000000000e+05 2.357016940304213222e+02
2.520000000000000000e+02 -1.337595966788605217e+01 1.965200000000000000e+05 3.140345542837498556e+02
2.530000000000000000e+02 -1.344295657429965729e+01 2.120750000000000000e+05 1.956225848927687707e+02
2.540000000000000000e+02 -1.352041556956867474e+01 2.019600000000000000e+05 1.490278198884977883e+02
2.550000000000000000e+02 -1.351859257782095014e+01 1.762050000000000000e+05 3.161158812314444049e+02
2.560000000000000000e+02 -1.358687329371466213e+01 1.893800000000000000e+05 2.017158679742605045e+02
2.570000000000000000e+02 -1.367121549085873689e+01 1.936300000000000000e+05 1.783924380630007249e+02
2.580000000000000000e+02 -1.361954197059123572e+01 1.548700000000000000e+05 2.845531135520595853e+02
2.590000000000000000e+02 -1.374368078278787664e+01 1.527450000000000000e+05 2.264834540775611345e+02
2.600000000000000000e+02 -1.374674112024555583e+01 1.632850000000000000e+05 1.233584843969004368e+02
2.610000000000000000e+02 -1.383569152221112120e+01 2.044250000000000000e+05 2.196269533130753757e+02
2.620000000000000000e+02 -1.386627261624697205e+01 1.637950000000000000e+05 1.659693634919320289e+02
2.630000000000000000e+02 -1.390843884563177468e+01 1.767150000000000000e+05 3.642234746458955783e+02
2.640000000000000000e+02 -1.382424422088504912e+01 1.945650000000000000e+05 1.912658528303490471e+02
2.650000000000000000e+02 -1.355999200789305448e+01 1.264800000000000000e+05 2.098674105909751404e+02
2.660000000000000000e+02 -1.357702204693649684e+01 1.700850000000000000e+05 2.014754586058336940e+02
2.670000000000000000e+02 -1.369118563647046116e+01 1.745900000000000000e+05 1.883677589456966359e+02
2.680000000000000000e+02 -1.380073104373249748e+01 2.137750000000000000e+05 1.290021477008548345e+02
2.690000000000000000e+02 -1.377965017126766867e+01 1.862350000000000000e+05 2.528618510034428652e+02
2.700000000000000000e+02 -1.359359778935898078e+01 1.931200000000000000e+05 2.580000703072080910e+02
2.710000000000000000e+02 -1.369435566139084237e+01 2.089300000000000000e+05 1.727664290540027139e+02
2.720000000000000000e+02 -1.372940439834105497e+01 1.980500000000000000e+05 1.511524715983832721e+02
2.730000000000000000e+02 -1.365733622063912023e+01 2.195550000000000000e+05 2.224026695762579209e+02
2.740000000000000000e+02 -1.364679865344034582e+01 1.818150000000000000e+05 1.061689103396373071e+02
2.750000000000000000e+02 -1.353823428029012987e+01 2.147950000000000000e+05 1.965851696130359016e+02
2.760000000000000000e+02 -1.347742188076033898e+01 2.114800000000000000e+05 2.194788089769868975e+02
2.770000000000000000e+02 -1.342401265943631827e+01 2.045950000000000000e+05 1.402526853029293932e+02
2.780000000000000000e+02 -1.333325806384591949e+01 2.067200000000000000e+05 1.103559101133409683e+02
2.790000000000000000e+02 -1.332021343897422128e+01 1.869150000000000000e+05 1.761054095929257244e+02
2.800000000000000000e+02 -1.323525293380187939e+01 2.085050000000000000e+05 2.602841839355917273e+02
2.810000000000000000e+02 -1.303537969637687510e+01 1.920150000000000000e+05 2.636338804354410286e+02
2.820000000000000000e+02 -1.326973413003692315e+01 1.725500000000000000e+05 2.341993130067438926e+02
2.830000000000000000e+02 -1.331174375743096405e+01 1.756100000000000000e+05 2.359905944477206958e+02
2.840000000000000000e+02 -1.332676188050194277e+01 1.963500000000000000e+05 1.639536390208396313e+02
2.850000000000000000e+02 -1.338420392225412847e+01 2.076550000000000000e+05 3.418099522636175607e+02
2.860000000000000000e+02 -1.346721577039303774e+01 2.011950000000000000e+05 2.240380178075373863e+02
2.870000000000000000e+02 -1.354358084447422428e+01 1.798600000000000000e+05 1.704749486041913542e+02
2.880000000000000000e+02 -1.357143663919393894e+01 2.016200000000000000e+05 2.225552167242352084e+02
2.890000000000000000e+02 -1.359047848225061017e+01 1.920150000000000000e+05 2.639232897958144122e+02
2.900000000000000000e+02 -1.366900774138317587e+01 2.078250000000000000e+05 4.098008860331290748e+02
2.910000000000000000e+02 -1.370563189404585813e+01 1.946500000000000000e+05 2.168888463908203335e+02
2.920000000000000000e+02 -1.376110407256255641e+01 1.976250000000000000e+05 1.612068052777305240e+02
2.930000000000000000e+02 -1.380560165368344094e+01 1.083750000000000000e+05 3.066266798619264478e+02
2.940000000000000000e+02 -1.383310624131417121e+01 1.898900000000000000e+05 1.843151630730518491e+02
2.950000000000000000e+02 -1.388901474928555935e+01 2.074000000000000000e+05 1.605763855993422737e+02
2.960000000000000000e+02 -1.387018510787071435e+01 2.362150000000000000e+05 1.389411595008692188e+02
2.970000000000000000e+02 -1.378295341855820055e+01 1.782450000000000000e+05 1.696174452880988781e+02
2.980000000000000000e+02 -1.368740415888426476e+01 2.068900000000000000e+05 1.424485452200390796e+02
2.990000000000000000e+02 -1.381631638433741038e+01 1.978800000000000000e+05 1.977092086164684019e+02
3.000000000000000000e+02 -1.377610993282329943e+01 1.513850000000000000e+05 1.533856001483562750e+02
3.010000000000000000e+02 -1.385170330104601000e+01 1.975400000000000000e+05 1.442274206358318054e+02
3.020000000000000000e+02 -1.385041846699414769e+01 1.972000000000000000e+05 1.629120298426780948e+02
3.030000000000000000e+02 -1.378974108250729635e+01 1.258000000000000000e+05 2.063539929238990851e+02
3.040000000000000000e+02 -1.369914487838223849e+01 1.983050000000000000e+05 2.024449218232170438e+02
3.050000000000000000e+02 -1.365367494333967002e+01 1.870000000000000000e+05 1.346940410323759068e+02
3.060000000000000000e+02 -1.356832259294366594e+01 1.886150000000000000e+05 1.105478455747594353e+02
3.070000000000000000e+02 -1.353525906454068739e+01 2.116500000000000000e+05 1.422980715036123058e+02
3.080000000000000000e+02 -1.341110663770350264e+01 1.296250000000000000e+05 8.419068432577837768e+01
3.090000000000000000e+02 -1.335817837650378692e+01 1.105000000000000000e+05 9.193839030607263396e+01
3.100000000000000000e+02 -1.328005791507389688e+01 2.027250000000000000e+05 1.920256994674840882e+02
3.110000000000000000e+02 -1.331030983375623933e+01 1.974550000000000000e+05 1.244304490098767388e+02
3.120000000000000000e+02 -1.295082060568432070e+01 2.045950000000000000e+05 1.974708514730018862e+02
3.130000000000000000e+02 -1.325124550657065292e+01 2.101200000000000000e+05 1.839005003652603136e+02
3.140000000000000000e+02 -1.329296634831268875e+01 2.140300000000000000e+05 2.309043618424865372e+02
3.150000000000000000e+02 -1.329658121177505414e+01 1.938850000000000000e+05 2.247371935154508549e+02
3.160000000000000000e+02 -1.335247198951556769e+01 1.878500000000000000e+05 1.353851266510893367e+02
3.170000000000000000e+02 -1.342797729087420322e+01 1.950750000000000000e+05 1.548459037833329717e+02
3.180000000000000000e+02 -1.349974771366104243e+01 1.894650000000000000e+05 1.680798927796274711e+02
3.190000000000000000e+02 -1.352775667669293114e+01 2.155600000000000000e+05 1.838403340559900414e+02
3.200000000000000000e+02 -1.357038534843998079e+01 1.805400000000000000e+05 2.371101644710886660e+02
3.210000000000000000e+02 -1.364814066852213337e+01 1.863200000000000000e+05 1.104786455290048224e+02
3.220000000000000000e+02 -1.362217499799507259e+01 5.312500000000000000e+04 1.511492818686701582e+02
3.230000000000000000e+02 -1.375708945608015732e+01 1.868300000000000000e+05 1.075690748714346086e+02
3.240000000000000000e+02 -1.382196353728523519e+01 1.909100000000000000e+05 1.819620764175105876e+02
3.250000000000000000e+02 -1.387233514779634014e+01 1.937150000000000000e+05 1.520062650145747227e+02
3.260000000000000000e+02 -1.387236401096259186e+01 1.702550000000000000e+05 2.006930453377881918e+02
3.270000000000000000e+02 -1.391286008693045595e+01 8.500000000000000000e+04 7.791997190658830164e+01
3.280000000000000000e+02 -1.389874637606765972e+01 1.963500000000000000e+05 1.562591251250706819e+02
3.290000000000000000e+02 -1.379167378948292821e+01 1.824100000000000000e+05 1.837878346070913267e+02
3.300000000000000000e+02 -1.377638388372069045e+01 1.659200000000000000e+05 2.162500176421233959e+02
3.310000000000000000e+02 -1.387663968866801945e+01 2.069750000000000000e+05 1.916300525521805014e+02
3.320000000000000000e+02 -1.386614561969116366e+01 1.667700000000000000e+05 1.291229060272098366e+02
3.330000000000000000e+02 -1.389064032838784613e+01 1.751850000000000000e+05 2.286705310135805291e+02
3.340000000000000000e+02 -1.377589656657647765e+01 1.982200000000000000e+05 1.348378888887547760e+02
3.350000000000000000e+02 -1.354289620922698489e+01 2.089300000000000000e+05 2.157797962673729160e+02
3.360000000000000000e+02 -1.355138349192180236e+01 1.882750000000000000e+05 1.966420117957842990e+02
3.370000000000000000e+02 -1.362083380806772759e+01 2.025550000000000000e+05 2.024276495775771423e+02
3.380000000000000000e+02 -1.360923497429282847e+01 1.660900000000000000e+05 1.696870363886458790e+02
3.390000000000000000e+02 -1.353574774701110428e+01 1.861500000000000000e+05 1.732439932860594922e+02
3.400000000000000000e+02 -1.341507294691157526e+01 1.051450000000000000e+05 1.561575653994209176e+02
3.410000000000000000e+02 -1.338386888279013576e+01 1.491750000000000000e+05 1.544955355507482011e+02
3.420000000000000000e+02 -1.324742823881777909e+01 1.677900000000000000e+05 3.048600924873193208e+02
3.430000000000000000e+02 -1.315311591793846091e+01 2.088450000000000000e+05 2.063007312683542693e+02
3.440000000000000000e+02 -1.330215249600535898e+01 1.980500000000000000e+05 2.209989159310854347e+02
3.450000000000000000e+02 -1.326386500687264025e+01 1.813900000000000000e+05 2.312034254449680475e+02
3.460000000000000000e+02 -1.328731265138212336e+01 1.512150000000000000e+05 1.717101526141563568e+02
3.470000000000000000e+02 -1.329436725665546071e+01 1.902300000000000000e+05 1.408951974673221059e+02
3.480000000000000000e+02 -1.331136436429265046e+01 1.608200000000000000e+05 1.883187804394685827e+02
3.490000000000000000e+02 -1.336747631169048134e+01 2.232100000000000000e+05 1.643220461627552424e+02
3.500000000000000000e+02 -1.348814872626446437e+01 1.698300000000000000e+05 1.532374056307134538e+02
3.510000000000000000e+02 -1.352395887277378606e+01 1.983050000000000000e+05 2.424191019913461389e+02
3.520000000000000000e+02 -1.359395728391606895e+01 1.833450000000000000e+05 1.798305730888841651e+02
3.530000000000000000e+02 -1.358585947152936058e+01 2.115650000000000000e+05 1.884245742044541601e+02
3.540000000000000000e+02 -1.366729751411318361e+01 1.231650000000000000e+05 3.129866208913315972e+02
3.550000000000000000e+02 -1.372363404154420508e+01 1.860650000000000000e+05 2.258129985566616824e+02
3.560000000000000000e+02 -1.374659110704789988e+01 2.040850000000000000e+05 2.440240644850309195e+02
3.570000000000000000e+02 -1.388224602594347346e+01 2.181950000000000000e+05 2.376657177083041574e+02
3.580000000000000000e+02 -1.396157289158069048e+01 2.067200000000000000e+05 3.287882708795206099e+02
3.590000000000000000e+02 -1.390852984902403122e+01 1.937150000000000000e+05 1.433965956936253292e+02
3.600000000000000000e+02 -1.395189333831741685e+01 2.134350000000000000e+05 1.174736271098928029e+02
3.610000000000000000e+02 -1.392205087423555909e+01 1.898050000000000000e+05 2.393141914479316767e+02
3.620000000000000000e+02 -1.379240288884099286e+01 1.905700000000000000e+05 2.423896341419970497e+02
3.630000000000000000e+02 -1.387590582532904726e+01 1.405050000000000000e+05 2.081049559150881123e+02
3.640000000000000000e+02 -1.388800957704023986e+01 2.046800000000000000e+05 1.728061097463380520e+02
3.650000000000000000e+02 -1.388267844575303833e+01 2.008550000000000000e+05 1.543603244009002537e+02
3.660000000000000000e+02 -1.374360659013271402e+01 2.266950000000000000e+05 1.910340281601380923e+02
3.670000000000000000e+02 -1.359167847310996180e+01 1.847900000000000000e+05 2.347101969772693053e+02
3.680000000000000000e+02 -1.351580813380245694e+01 1.929500000000000000e+05 1.417838348542898643e+02
3.690000000000000000e+02 -1.360413076612957184e+01 1.979650000000000000e+05 8.818358159929950091e+01
3.700000000000000000e+02 -1.356591131229252767e+01 2.245700000000000000e+05 2.103428831765992300e+02
3.710000000000000000e+02 -1.348462697808584032e+01 1.997500000000000000e+05 2.117231047219656830e+02
3.720000000000000000e+02 -1.342888363338208890e+01 2.010250000000000000e+05 1.006489722063594883e+02
3.730000000000000000e+02 -1.334329225780555461e+01 2.083350000000000000e+05 1.433043353024256703e+02
3.740000000000000000e+02 -1.320912996375824733e+01 2.034900000000000000e+05 1.769106896175356667e+02
3.750000000000000000e+02 -1.311432110317200284e+01 1.717000000000000000e+05 2.528175942558444262e+02
3.760000000000000000e+02 -1.324927958793445448e+01 2.086750000000000000e+05 2.579189121065381300e+02
3.770000000000000000e+02 -1.325795668388426485e+01 1.979650000000000000e+05 2.066168556358619526e+02
3.780000000000000000e+02 -1.327012570523184642e+01 1.995800000000000000e+05 1.585058153016985329e+02
3.790000000000000000e+02 -1.329716362069448365e+01 2.034050000000000000e+05 1.152541875418315556e+02
3.800000000000000000e+02 -1.335015180774033183e+01 2.196400000000000000e+05 1.633776901635128525e+02
3.810000000000000000e+02 -1.341068737982146253e+01 2.004300000000000000e+05 2.834912699532141005e+02
3.820000000000000000e+02 -1.350509293604140382e+01 2.280550000000000000e+05 2.106006497711110512e+02
3.830000000000000000e+02 -1.353906536958281670e+01 1.366800000000000000e+05 2.692165780338225431e+02
3.840000000000000000e+02 -1.356641413868344159e+01 1.968600000000000000e+05 3.520539549997555469e+02
3.850000000000000000e+02 -1.364246307209203657e+01 2.152200000000000000e+05 2.601160882305068185e+02
3.860000000000000000e+02 -1.370036817971300280e+01 2.002600000000000000e+05 2.219554028574977451e+02
3.870000000000000000e+02 -1.374391382100303716e+01 2.002600000000000000e+05 1.731696211963103451e+02
3.880000000000000000e+02 -1.380671316683502425e+01 2.019600000000000000e+05 2.142410792641249486e+02
3.890000000000000000e+02 -1.394499776905276534e+01 2.240600000000000000e+05 1.752617229511594701e+02
3.900000000000000000e+02 -1.391225428116418961e+01 1.680450000000000000e+05 1.591734154247994866e+02
3.910000000000000000e+02 -1.391961813248552993e+01 8.449000000000000000e+04 1.342182455760489006e+02
3.920000000000000000e+02 -1.389059625169136325e+01 8.440500000000000000e+04 7.481509485856206254e+01
3.930000000000000000e+02 -1.391195032542569976e+01 1.347250000000000000e+05 1.526447658292772473e+02
3.940000000000000000e+02 -1.390327126218070219e+01 1.749300000000000000e+05 1.734994834008046212e+02
3.950000000000000000e+02 -1.385466638989685961e+01 1.883600000000000000e+05 1.813880941068286745e+02
3.960000000000000000e+02 -1.387975993530166186e+01 1.732300000000000000e+05 1.446703501094214630e+02
3.970000000000000000e+02 -1.378026062872158697e+01 1.626050000000000000e+05 1.335282440255865311e+02
3.980000000000000000e+02 -1.356874733645780218e+01 1.600550000000000000e+05 2.565430235660263065e+02
3.990000000000000000e+02 -1.359276250062190172e+01 1.737400000000000000e+05 1.797050440968418172e+02
4.000000000000000000e+02 -1.359228107715477840e+01 1.211250000000000000e+05 1.893619439257216470e+02
4.010000000000000000e+02 -1.360397242987872346e+01 1.693200000000000000e+05 2.355876733014479782e+02
4.020000000000000000e+02 -1.353942978851332946e+01 1.688950000000000000e+05 1.372965306828492089e+02
4.030000000000000000e+02 -1.353639492539887534e+01 1.781600000000000000e+05 1.397312891414992464e+02
4.040000000000000000e+02 -1.345770279392702484e+01 1.738250000000000000e+05 1.858163298312899769e+02
4.050000000000000000e+02 -1.337385668520307469e+01 1.749300000000000000e+05 1.384281298987104663e+02
4.060000000000000000e+02 -1.332512538680790115e+01 1.659200000000000000e+05 2.156002507831978789e+02
4.070000000000000000e+02 -1.329514152574085450e+01 1.686400000000000000e+05 1.179796664328451641e+02
4.080000000000000000e+02 -1.329468368769736841e+01 2.167500000000000000e+05 1.809333635643987179e+02
4.090000000000000000e+02 -1.310094705983704344e+01 1.353200000000000000e+05 2.447956432828221693e+02
4.100000000000000000e+02 -1.323659654653282480e+01 1.724650000000000000e+05 1.504814498258103583e+02
4.110000000000000000e+02 -1.327621198218446708e+01 1.258000000000000000e+05 2.429389876560234995e+02
4.120000000000000000e+02 -1.332289321131487014e+01 1.719550000000000000e+05 1.783908188798310164e+02
4.130000000000000000e+02 -1.335202615328841702e+01 1.877650000000000000e+05 1.259133354853625661e+02
4.140000000000000000e+02 -1.348842508320984024e+01 1.853000000000000000e+05 1.757893593491392608e+02
4.150000000000000000e+02 -1.350979232399587993e+01 1.648150000000000000e+05 1.179287315331884543e+02
4.160000000000000000e+02 -1.357476977388606798e+01 1.586100000000000000e+05 5.111834349422122159e+01
4.170000000000000000e+02 -1.364231018839790011e+01 1.699150000000000000e+05 1.820261559528374278e+02
4.180000000000000000e+02 -1.363138566781627503e+01 1.761200000000000000e+05 1.863607656759081408e+02
4.190000000000000000e+02 -1.374179002026191121e+01 1.755250000000000000e+05 2.232697955177882250e+02
4.200000000000000000e+02 -1.382774451963045870e+01 1.757800000000000000e+05 1.244812892341459758e+02
4.210000000000000000e+02 -1.392869073952524062e+01 2.227850000000000000e+05 1.593335620744764469e+02
4.220000000000000000e+02 -1.388050384467853604e+01 2.273750000000000000e+05 2.138332802673635626e+02
4.230000000000000000e+02 -1.396160199666069168e+01 2.287350000000000000e+05 1.586155113579197291e+02
4.240000000000000000e+02 -1.386540570341392353e+01 2.249950000000000000e+05 1.940227461955792307e+02
4.250000000000000000e+02 -1.393137661330705512e+01 2.197250000000000000e+05 1.942440921268317595e+02
4.260000000000000000e+02 -1.389003204494026456e+01 2.036600000000000000e+05 1.369566524285273488e+02
4.270000000000000000e+02 -1.386830729753944880e+01 1.734000000000000000e+05 1.487613849140306286e+02
4.280000000000000000e+02 -1.384045806369061182e+01 2.307750000000000000e+05 1.622567543662757998e+02
4.290000000000000000e+02 -1.377438237653050379e+01 2.176850000000000000e+05 1.808335953432340091e+02
4.300000000000000000e+02 -1.360062382693548066e+01 2.150500000000000000e+05 3.657796492548409901e+02
4.310000000000000000e+02 -1.360173885070360278e+01 2.234650000000000000e+05 2.501170761839847216e+02
4.320000000000000000e+02 -1.357618641493267120e+01 2.224450000000000000e+05 2.159401395535859081e+02
4.330000000000000000e+02 -1.356290050981115236e+01 2.436100000000000000e+05 2.113617372066773328e+02
4.340000000000000000e+02 -1.353313414756361155e+01 1.564000000000000000e+05 1.557304403404640709e+02
4.350000000000000000e+02 -1.349181929437668082e+01 2.174300000000000000e+05 1.687770251304807516e+02
4.360000000000000000e+02 -1.346695695847238738e+01 1.377000000000000000e+05 1.552492932063810542e+02
4.370000000000000000e+02 -1.339985146654279546e+01 2.255050000000000000e+05 1.941366161070942553e+02
4.380000000000000000e+02 -1.335452588097939142e+01 2.203200000000000000e+05 1.251138704267469848e+02
4.390000000000000000e+02 -1.332178235316445658e+01 2.432700000000000000e+05 1.401607361669667000e+02
4.400000000000000000e+02 -1.327169798280550062e+01 1.824100000000000000e+05 2.870303577592848683e+02
4.410000000000000000e+02 -1.316153914770345423e+01 8.449000000000000000e+04 1.216820383531742493e+02
4.420000000000000000e+02 -1.322270125657101403e+01 2.104600000000000000e+05 1.808613905018990806e+02
4.430000000000000000e+02 -1.329699369496607275e+01 1.862350000000000000e+05 1.057207314139737804e+02
4.440000000000000000e+02 -1.339894267773587444e+01 1.764600000000000000e+05 2.589951561229639765e+02
4.450000000000000000e+02 -1.343229296873810164e+01 1.737400000000000000e+05 2.255278285327325705e+02
4.460000000000000000e+02 -1.345030038470980394e+01 1.750150000000000000e+05 3.439776100145492705e+02
4.470000000000000000e+02 -1.352632531126622695e+01 2.243150000000000000e+05 1.829096779693063866e+02
4.480000000000000000e+02 -1.360707470317843359e+01 2.358750000000000000e+05 2.736441322661019058e+02
4.490000000000000000e+02 -1.368200322451582807e+01 2.344300000000000000e+05 1.756707687224323990e+02
4.500000000000000000e+02 -1.368326420334854987e+01 2.253350000000000000e+05 2.195934634261126348e+02
4.510000000000000000e+02 -1.372951185503891480e+01 2.264400000000000000e+05 2.290740318314238095e+02
4.520000000000000000e+02 -1.382552838390365757e+01 1.173850000000000000e+05 1.935817703829034713e+02
4.530000000000000000e+02 -1.391516761892193621e+01 1.081200000000000000e+05 1.325972598182731019e+02
4.540000000000000000e+02 -1.386685265010206436e+01 2.324750000000000000e+05 2.854446207489875178e+02
4.550000000000000000e+02 -1.387628716493949455e+01 1.986450000000000000e+05 2.337170026095424191e+02
4.560000000000000000e+02 -1.390003306245873560e+01 2.270350000000000000e+05 2.360783815049705083e+02
4.570000000000000000e+02 -1.391095874706854651e+01 2.336650000000000000e+05 2.599130475362376274e+02
4.580000000000000000e+02 -1.383860729582967863e+01 2.164950000000000000e+05 1.596696888799950500e+02
4.590000000000000000e+02 -1.386318991337495632e+01 2.218500000000000000e+05 2.456125352264776609e+02
4.600000000000000000e+02 -1.375592089728966272e+01 2.115650000000000000e+05 1.606336466075835858e+02
4.610000000000000000e+02 -1.363403810639433189e+01 1.870850000000000000e+05 3.041775292138902387e+02
4.620000000000000000e+02 -1.361293356421043477e+01 2.064650000000000000e+05 2.538426887926235054e+02
4.630000000000000000e+02 -1.361242908196485502e+01 2.151350000000000000e+05 2.048635500409703241e+02
4.640000000000000000e+02 -1.357296212583692885e+01 2.101200000000000000e+05 3.204490937912308937e+02
4.650000000000000000e+02 -1.357138753816768428e+01 2.255050000000000000e+05 1.610211055890641205e+02
4.660000000000000000e+02 -1.354360757330357323e+01 8.440500000000000000e+04 1.576919393778036351e+02
4.670000000000000000e+02 -1.353864602162214759e+01 2.152200000000000000e+05 1.852142509884956780e+02
4.680000000000000000e+02 -1.350670011272572069e+01 1.178950000000000000e+05 1.120659256213283044e+02
4.690000000000000000e+02 -1.344192012294986149e+01 2.434400000000000000e+05 2.315965101715079015e+02
4.700000000000000000e+02 -1.339553439445946381e+01 1.793500000000000000e+05 1.509696609682991095e+02
4.710000000000000000e+02 -1.334007471365503861e+01 2.333250000000000000e+05 2.115637703235584581e+02
4.720000000000000000e+02 -1.316457564108732825e+01 1.643050000000000000e+05 1.600264188055504633e+02
4.730000000000000000e+02 -1.330614939184380319e+01 1.348950000000000000e+05 1.562591647056519832e+02
4.740000000000000000e+02 -1.320527303423867593e+01 1.268200000000000000e+05 1.929506844050665393e+02
4.750000000000000000e+02 -1.330660606113280231e+01 2.296700000000000000e+05 2.110892595528466700e+02
4.760000000000000000e+02 -1.338527448022272459e+01 2.201500000000000000e+05 2.250659883308075564e+02
4.770000000000000000e+02 -1.343364244134793495e+01 2.205750000000000000e+05 2.137639221995550258e+02
4.780000000000000000e+02 -1.349721789622153167e+01 2.236350000000000000e+05 1.285555236337510507e+02
4.790000000000000000e+02 -1.351319359213776394e+01 2.163250000000000000e+05 3.004722755497746220e+02
4.800000000000000000e+02 -1.358660753512885400e+01 1.901450000000000000e+05 2.767979286680271684e+02
4.810000000000000000e+02 -1.362089422591684240e+01 2.336650000000000000e+05 3.216891171373426914e+02
4.820000000000000000e+02 -1.368982119080894755e+01 1.881900000000000000e+05 2.215993121609641889e+02
4.830000000000000000e+02 -1.368789311546126264e+01 2.160700000000000000e+05 1.802763579556151683e+02
4.840000000000000000e+02 -1.381905650387549045e+01 2.302650000000000000e+05 1.576660763642570089e+02
4.850000000000000000e+02 -1.389171819778323247e+01 1.806250000000000000e+05 2.284177316657076631e+02
4.860000000000000000e+02 -1.378782352096609998e+01 2.256750000000000000e+05 1.688348644050122118e+02
4.870000000000000000e+02 -1.393400652871830481e+01 2.255050000000000000e+05 1.807871614595533174e+02
4.880000000000000000e+02 -1.374197485419217557e+01 1.848750000000000000e+05 2.051198907376570446e+02
4.890000000000000000e+02 -1.394124525111608648e+01 1.864050000000000000e+05 1.772879841834780166e+02
4.900000000000000000e+02 -1.394285649320117848e+01 8.228000000000000000e+04 1.559334186039846770e+02
4.910000000000000000e+02 -1.381590717496526111e+01 2.248250000000000000e+05 3.700831043999117469e+02
4.920000000000000000e+02 -1.379163757274513635e+01 2.092700000000000000e+05 1.988186114576842272e+02
4.930000000000000000e+02 -1.380623955659044100e+01 2.250800000000000000e+05 2.119177146014806965e+02
4.940000000000000000e+02 -1.361748084355204824e+01 2.312850000000000000e+05 2.083246276967793165e+02
4.950000000000000000e+02 -1.364567953731213201e+01 2.254200000000000000e+05 2.009589702074045476e+02
4.960000000000000000e+02 -1.359956566462494720e+01 2.113950000000000000e+05 1.613338374613583994e+02
4.970000000000000000e+02 -1.357852811390536729e+01 2.295850000000000000e+05 1.402996687801310145e+02
4.980000000000000000e+02 -1.352206735605399324e+01 2.346850000000000000e+05 2.477203292834225579e+02
4.990000000000000000e+02 -1.350181100102770770e+01 2.131800000000000000e+05 1.787926909424470523e+02
5.000000000000000000e+02 -1.347987565520777942e+01 1.354900000000000000e+05 1.667101326888885637e+02
5.010000000000000000e+02 -1.342720913614228628e+01 1.252900000000000000e+05 2.591488739434086028e+02
5.020000000000000000e+02 -1.337624196355646333e+01 2.060400000000000000e+05 1.371963407298897835e+02
5.030000000000000000e+02 -1.328064695812506635e+01 1.793500000000000000e+05 1.888817754057153309e+02
5.040000000000000000e+02 -1.325274060611435623e+01 1.366800000000000000e+05 1.216486005425165899e+02
5.050000000000000000e+02 -1.333437711139153592e+01 1.822400000000000000e+05 2.163734233583303137e+02
5.060000000000000000e+02 -1.332950429971742423e+01 1.648150000000000000e+05 1.049040672334188571e+02
5.070000000000000000e+02 -1.335344371926098717e+01 2.347700000000000000e+05 1.592413205923493535e+02
5.080000000000000000e+02 -1.341184587304231357e+01 1.154300000000000000e+05 1.077232778812031455e+02
5.090000000000000000e+02 -1.347712858892210797e+01 9.197000000000000000e+04 1.307956968015833183e+02
5.100000000000000000e+02 -1.350018456753589113e+01 2.210000000000000000e+05 2.099336570804461246e+02
5.110000000000000000e+02 -1.355569511354264556e+01 2.501550000000000000e+05 2.081993240559338290e+02
5.120000000000000000e+02 -1.360551013143797761e+01 2.313700000000000000e+05 2.010263211893462483e+02
5.130000000000000000e+02 -1.366026909109703702e+01 2.420800000000000000e+05 2.521017628841391627e+02
5.140000000000000000e+02 -1.372431950311878524e+01 2.479450000000000000e+05 1.650581233129735210e+02
5.150000000000000000e+02 -1.376543360651755599e+01 2.363850000000000000e+05 1.598145000932291566e+02
5.160000000000000000e+02 -1.385644369921497443e+01 2.286500000000000000e+05 1.304162301655100009e+02
5.170000000000000000e+02 -1.385306297810050324e+01 9.885500000000000000e+04 1.055620635559636753e+02
5.180000000000000000e+02 -1.391576656777854382e+01 2.409750000000000000e+05 1.585700315584352893e+02
5.190000000000000000e+02 -1.381623393925169019e+01 2.359600000000000000e+05 1.952821906260934668e+02
5.200000000000000000e+02 -1.375607533679857042e+01 1.438200000000000000e+05 1.940292221438652405e+02
5.210000000000000000e+02 -1.395388606865971326e+01 2.355350000000000000e+05 1.373207110920828029e+02
5.220000000000000000e+02 -1.388992383199207481e+01 1.535100000000000000e+05 1.007424037684578337e+02
5.230000000000000000e+02 -1.374586608492647954e+01 1.903150000000000000e+05 2.347722073673093064e+02
5.240000000000000000e+02 -1.375019701800898808e+01 2.497300000000000000e+05 2.079504146295329861e+02
5.250000000000000000e+02 -1.365896936358467606e+01 1.897200000000000000e+05 2.526451999837454423e+02
5.260000000000000000e+02 -1.364420512721938472e+01 1.937150000000000000e+05 2.886788790736856072e+02
5.270000000000000000e+02 -1.363615684414138762e+01 2.351100000000000000e+05 1.954944599979814370e+02
5.280000000000000000e+02 -1.360221212630651877e+01 2.290750000000000000e+05 1.805989793287755560e+02
5.290000000000000000e+02 -1.358845112110612163e+01 2.455650000000000000e+05 1.519704696564988922e+02
5.300000000000000000e+02 -1.352378617886951595e+01 2.380850000000000000e+05 1.367934006235257982e+02
5.310000000000000000e+02 -1.353259336949258973e+01 1.928650000000000000e+05 2.471926214754625164e+02
5.320000000000000000e+02 -1.350580717470148429e+01 1.308150000000000000e+05 1.961569756680692649e+02
5.330000000000000000e+02 -1.345523315120715147e+01 2.572950000000000000e+05 1.972994428870874799e+02
5.340000000000000000e+02 -1.341022972787495604e+01 2.573800000000000000e+05 1.253990154615564308e+02
5.350000000000000000e+02 -1.333475429000973556e+01 2.007700000000000000e+05 2.129364737812115322e+02
5.360000000000000000e+02 -1.324583166512007892e+01 2.531300000000000000e+05 1.537400428534006664e+02
5.370000000000000000e+02 -1.331911278062305648e+01 1.433950000000000000e+05 1.648811347278991946e+02
5.380000000000000000e+02 -1.334989404682933234e+01 2.238900000000000000e+05 1.445403806257936594e+02
5.390000000000000000e+02 -1.337267796124330488e+01 1.467950000000000000e+05 1.484255742949807768e+02
5.400000000000000000e+02 -1.340078446819233804e+01 1.467950000000000000e+05 1.021906380660155662e+02
5.410000000000000000e+02 -1.343561785022593824e+01 2.567850000000000000e+05 2.272682211174454778e+02
5.420000000000000000e+02 -1.351438940507018316e+01 2.416550000000000000e+05 1.832505647408767118e+02
5.430000000000000000e+02 -1.356539402052314358e+01 2.505800000000000000e+05 3.273947659216149191e+02
5.440000000000000000e+02 -1.359570190414680901e+01 2.558500000000000000e+05 2.987066273194930091e+02
5.450000000000000000e+02 -1.362500954950604459e+01 2.555950000000000000e+05 4.479163468733091804e+02
5.460000000000000000e+02 -1.365512527288875333e+01 2.406350000000000000e+05 3.044601422887073454e+02
5.470000000000000000e+02 -1.373931883654463881e+01 2.650300000000000000e+05 1.693701601914160051e+02
5.480000000000000000e+02 -1.377023120477246465e+01 2.542350000000000000e+05 2.241429627168047602e+02
5.490000000000000000e+02 -1.386996274626580572e+01 1.603100000000000000e+05 1.758257897347102698e+02
5.500000000000000000e+02 -1.376533469618435035e+01 2.472650000000000000e+05 2.137546053540869764e+02
5.510000000000000000e+02 -1.393012152882020871e+01 2.002600000000000000e+05 2.295818192527101758e+02
5.520000000000000000e+02 -1.388662435161172759e+01 2.434400000000000000e+05 2.278439547002603263e+02
5.530000000000000000e+02 -1.386634727546929646e+01 2.423350000000000000e+05 1.237445058273708298e+02
5.540000000000000000e+02 -1.391051483471182237e+01 2.450550000000000000e+05 2.213329811764654380e+02
5.550000000000000000e+02 -1.380539582534581200e+01 2.094400000000000000e+05 1.801096770717214213e+02
5.560000000000000000e+02 -1.368954022014346528e+01 2.067200000000000000e+05 1.970174169923826071e+02
5.570000000000000000e+02 -1.372019254141346067e+01 2.397850000000000000e+05 2.141947514022333507e+02
5.580000000000000000e+02 -1.367849148498391010e+01 1.975400000000000000e+05 2.234478032401377448e+02
5.590000000000000000e+02 -1.363982783399626975e+01 1.336200000000000000e+05 3.955558027651725865e+02
5.600000000000000000e+02 -1.361404025792827177e+01 2.481150000000000000e+05 1.471944299941455085e+02
5.610000000000000000e+02 -1.355809494131703730e+01 2.168350000000000000e+05 1.783334588665639160e+02
5.620000000000000000e+02 -1.352886762156337142e+01 1.036150000000000000e+05 1.878981078508884650e+02
5.630000000000000000e+02 -1.353286281618980880e+01 1.941400000000000000e+05 1.205713857442006827e+02
5.640000000000000000e+02 -1.348803460781877206e+01 1.725500000000000000e+05 2.483842278385038469e+02
5.650000000000000000e+02 -1.345191389949304472e+01 2.601850000000000000e+05 1.991624888034946252e+02
5.660000000000000000e+02 -1.339147922898268739e+01 2.523650000000000000e+05 2.761032320209140494e+02
5.670000000000000000e+02 -1.331815469860332790e+01 1.112650000000000000e+05 1.177042160613377746e+02
5.680000000000000000e+02 -1.330640106688703383e+01 1.178950000000000000e+05 2.084831656926195080e+02
5.690000000000000000e+02 -1.336796621578803368e+01 1.278400000000000000e+05 1.358230909386409735e+02
5.700000000000000000e+02 -1.339994738110988592e+01 2.039150000000000000e+05 2.017261846274355435e+02
5.710000000000000000e+02 -1.341024061439295778e+01 2.018750000000000000e+05 9.511865634555604743e+01
5.720000000000000000e+02 -1.343326882226974561e+01 1.979650000000000000e+05 1.935317746731359136e+02
5.730000000000000000e+02 -1.351037076664850645e+01 2.057000000000000000e+05 2.040209174325368906e+02
5.740000000000000000e+02 -1.354288313853945525e+01 2.561900000000000000e+05 1.511707829573239223e+02
5.750000000000000000e+02 -1.359398091914548878e+01 2.582300000000000000e+05 2.621327078976419784e+02
5.760000000000000000e+02 -1.366409228490928029e+01 1.500250000000000000e+05 2.206417942252175806e+02
5.770000000000000000e+02 -1.366047509282287464e+01 1.406750000000000000e+05 1.627133239304565393e+02
5.780000000000000000e+02 -1.365862800071651684e+01 1.377000000000000000e+05 1.054350723407029022e+02
5.790000000000000000e+02 -1.371656275026484373e+01 2.551700000000000000e+05 1.315131224611272671e+02
5.800000000000000000e+02 -1.366998792941339680e+01 2.446300000000000000e+05 1.799975766321675508e+02
5.810000000000000000e+02 -1.372440573679054943e+01 1.404200000000000000e+05 1.506905690025608635e+02
5.820000000000000000e+02 -1.384362544510133120e+01 2.473500000000000000e+05 2.075268684664922887e+02
5.830000000000000000e+02 -1.393156805548676758e+01 2.593350000000000000e+05 2.598243777925769677e+02
5.840000000000000000e+02 -1.390973242382348118e+01 2.474350000000000000e+05 1.979539461924389059e+02
5.850000000000000000e+02 -1.388898714971701409e+01 1.482400000000000000e+05 2.474318706576229658e+02
5.860000000000000000e+02 -1.384592913533062131e+01 1.739100000000000000e+05 1.738160066662204315e+02
5.870000000000000000e+02 -1.370128980986746470e+01 2.657950000000000000e+05 1.481508305725065782e+02
5.880000000000000000e+02 -1.370173310547856715e+01 1.700850000000000000e+05 2.851432095655176795e+02
5.890000000000000000e+02 -1.370925961566030793e+01 1.526600000000000000e+05 2.121732264301354292e+02
5.900000000000000000e+02 -1.367868213279686707e+01 2.663900000000000000e+05 2.255639415122130629e+02
5.910000000000000000e+02 -1.361973584594510456e+01 1.304750000000000000e+05 1.821610618940373740e+02
5.920000000000000000e+02 -1.365188963096445995e+01 1.455200000000000000e+05 2.907416241898378075e+02
5.930000000000000000e+02 -1.361312860455364948e+01 2.334950000000000000e+05 2.523692493217604920e+02
5.940000000000000000e+02 -1.357927731226500967e+01 2.659650000000000000e+05 1.223429655442782575e+02
5.950000000000000000e+02 -1.356171694375011683e+01 1.371900000000000000e+05 2.407249708086607143e+02
5.960000000000000000e+02 -1.352498909980714004e+01 2.036600000000000000e+05 1.850082803236535369e+02
5.970000000000000000e+02 -1.348188303314401360e+01 2.101200000000000000e+05 1.519070024351966026e+02
5.980000000000000000e+02 -1.343720757617872685e+01 2.055300000000000000e+05 1.871080057818374485e+02
5.990000000000000000e+02 -1.337062928894716407e+01 2.048500000000000000e+05 9.982469676667010106e+01
6.000000000000000000e+02 -1.330863948602451430e+01 2.504100000000000000e+05 2.155966098660060482e+02
6.010000000000000000e+02 -1.335787929205280733e+01 2.149650000000000000e+05 2.036272570543672771e+02
6.020000000000000000e+02 -1.337982320570509565e+01 2.697900000000000000e+05 1.735334770906776498e+02
6.030000000000000000e+02 -1.340776114034660083e+01 2.065500000000000000e+05 1.335894921999511382e+02
6.040000000000000000e+02 -1.346412735126364169e+01 1.358300000000000000e+05 1.737417548434300443e+02
6.050000000000000000e+02 -1.348914462841884898e+01 2.122450000000000000e+05 1.661866947432511097e+02
6.060000000000000000e+02 -1.349394070833295878e+01 5.295500000000000000e+04 2.020832143684498590e+02
6.070000000000000000e+02 -1.358599010030455823e+01 1.972000000000000000e+05 1.838490095629802852e+02
6.080000000000000000e+02 -1.362385564928310089e+01 1.432250000000000000e+05 1.207093959685522861e+02
6.090000000000000000e+02 -1.361728117986073272e+01 2.117350000000000000e+05 2.870670035057081009e+02
6.100000000000000000e+02 -1.367062464128467880e+01 2.112250000000000000e+05 8.034306345358049839e+01
6.110000000000000000e+02 -1.370403346400408395e+01 2.028950000000000000e+05 1.393571590316877007e+02
6.120000000000000000e+02 -1.377270870991553409e+01 2.085900000000000000e+05 1.189500576868774999e+02
6.130000000000000000e+02 -1.354758396951014454e+01 2.085050000000000000e+05 1.175883668767311718e+02
6.140000000000000000e+02 -1.380406037885109427e+01 2.178550000000000000e+05 1.501994597494724530e+02
6.150000000000000000e+02 -1.385101183160228899e+01 1.037000000000000000e+05 1.126254074801176728e+02
6.160000000000000000e+02 -1.390050712654244158e+01 1.128800000000000000e+05 2.179807961591586434e+02
6.170000000000000000e+02 -1.389954535946599457e+01 2.002600000000000000e+05 2.920640061817692867e+02
6.180000000000000000e+02 -1.385196439124938905e+01 2.580600000000000000e+05 1.570837305252105409e+02
6.190000000000000000e+02 -1.374933305621855339e+01 2.098650000000000000e+05 2.198279955845936229e+02
6.200000000000000000e+02 -1.373106196366282283e+01 2.557650000000000000e+05 2.814978470030338826e+02
6.210000000000000000e+02 -1.374096002580060727e+01 2.546600000000000000e+05 3.050588801435222308e+02
6.220000000000000000e+02 -1.372514318805739819e+01 2.535550000000000000e+05 2.321028576272203452e+02
6.230000000000000000e+02 -1.367903277547312157e+01 2.518550000000000000e+05 2.127916297489951774e+02
6.240000000000000000e+02 -1.363175286538043274e+01 1.130500000000000000e+05 1.146218825951437452e+02
6.250000000000000000e+02 -1.361138634214822929e+01 2.137750000000000000e+05 1.307224511333802184e+02
6.260000000000000000e+02 -1.358153608055170025e+01 2.187900000000000000e+05 1.889946503343475968e+02
6.270000000000000000e+02 -1.356317847067394311e+01 2.494750000000000000e+05 1.632132182503634112e+02
6.280000000000000000e+02 -1.350974910497366466e+01 1.534250000000000000e+05 1.699003646470023909e+02
6.290000000000000000e+02 -1.348318688855214198e+01 2.060400000000000000e+05 1.977767200035829376e+02
6.300000000000000000e+02 -1.343967336552069902e+01 2.162400000000000000e+05 1.987880537758686614e+02
6.310000000000000000e+02 -1.337393713078138546e+01 2.075700000000000000e+05 1.861771642897515733e+02
6.320000000000000000e+02 -1.337277525357679764e+01 2.132650000000000000e+05 1.757717559158282370e+02
6.330000000000000000e+02 -1.341361690378065674e+01 2.118200000000000000e+05 1.727325387694923506e+02
6.340000000000000000e+02 -1.341836241448665845e+01 2.041700000000000000e+05 1.588134949244539769e+02
6.350000000000000000e+02 -1.344815800265649841e+01 2.024700000000000000e+05 2.052344775167109390e+02
6.360000000000000000e+02 -1.349633502065904622e+01 2.131800000000000000e+05 1.656570799636827758e+02
6.370000000000000000e+02 -1.352014024225008271e+01 2.090150000000000000e+05 1.812977037956256936e+02
6.380000000000000000e+02 -1.355322121229357535e+01 2.127550000000000000e+05 1.962335622907966126e+02
6.390000000000000000e+02 -1.359156641423305700e+01 1.981350000000000000e+05 2.402585591288327862e+02
6.400000000000000000e+02 -1.366229226940404295e+01 1.499400000000000000e+05 2.353169232305040168e+02
6.410000000000000000e+02 -1.366264981163079284e+01 2.207450000000000000e+05 1.818125936876913045e+02
6.420000000000000000e+02 -1.368741076111785837e+01 2.539800000000000000e+05 1.876464393705689702e+02
6.430000000000000000e+02 -1.371271985791833359e+01 2.646050000000000000e+05 2.655300489217009385e+02
6.440000000000000000e+02 -1.371680126714537629e+01 1.548700000000000000e+05 1.719427999998902976e+02
6.450000000000000000e+02 -1.377907327353411304e+01 1.835150000000000000e+05 2.361449661168283001e+02
6.460000000000000000e+02 -1.390061487780028493e+01 2.205750000000000000e+05 1.423067118263538475e+02
6.470000000000000000e+02 -1.389955565794529413e+01 1.770550000000000000e+05 1.590280382823171692e+02
6.480000000000000000e+02 -1.390706987124569061e+01 2.145400000000000000e+05 2.273464973870183883e+02
6.490000000000000000e+02 -1.385954163301023989e+01 2.520250000000000000e+05 2.450179511805392565e+02
6.500000000000000000e+02 -1.388347643913015439e+01 2.153050000000000000e+05 1.338658311911385397e+02
6.510000000000000000e+02 -1.381688754304772004e+01 1.321750000000000000e+05 2.351867604960608560e+02
6.520000000000000000e+02 -1.378274839089870163e+01 2.633300000000000000e+05 3.126961154400372038e+02
6.530000000000000000e+02 -1.374246464800143919e+01 2.536400000000000000e+05 2.658363297845818352e+02
6.540000000000000000e+02 -1.372618900278276399e+01 1.035300000000000000e+05 2.578851723077084444e+02
6.550000000000000000e+02 -1.368691860792279336e+01 2.663900000000000000e+05 1.924051126313955820e+02
6.560000000000000000e+02 -1.361929456369834313e+01 2.191300000000000000e+05 1.837916309766070810e+02
6.570000000000000000e+02 -1.361011611180697933e+01 2.176000000000000000e+05 2.020611022771724379e+02
6.580000000000000000e+02 -1.360127549440072769e+01 1.117750000000000000e+05 1.540456058970637514e+02
6.590000000000000000e+02 -1.355619287966044872e+01 1.655800000000000000e+05 1.420248358264385615e+02
6.600000000000000000e+02 -1.352367981980420986e+01 2.094400000000000000e+05 1.425942382955430503e+02
6.610000000000000000e+02 -1.347471597451120040e+01 1.132200000000000000e+05 1.475703084202769162e+02
6.620000000000000000e+02 -1.339629230428858087e+01 2.762500000000000000e+05 2.310663414908715367e+02
6.630000000000000000e+02 -1.338578990556403348e+01 2.480300000000000000e+05 2.057031470677379446e+02
6.640000000000000000e+02 -1.341605579809428761e+01 2.616300000000000000e+05 2.460787399628441960e+02
6.650000000000000000e+02 -1.346093581943222262e+01 2.635000000000000000e+05 2.302750869352188090e+02
6.660000000000000000e+02 -1.349695746990480494e+01 2.521950000000000000e+05 2.297051912469251533e+02
6.670000000000000000e+02 -1.356045708484756318e+01 2.017900000000000000e+05 3.525275997856405183e+02
6.680000000000000000e+02 -1.358040066919131128e+01 2.215100000000000000e+05 1.657296901940258635e+02
6.690000000000000000e+02 -1.359584124204478428e+01 2.134350000000000000e+05 2.095347660707126352e+02
6.700000000000000000e+02 -1.366462867373390822e+01 1.510450000000000000e+05 4.595799554945004672e+01
6.710000000000000000e+02 -1.366041612417603268e+01 2.217650000000000000e+05 2.977807070070517170e+02
6.720000000000000000e+02 -1.372057035973231365e+01 2.058700000000000000e+05 2.019085929844362681e+02
6.730000000000000000e+02 -1.373238230021985729e+01 2.059550000000000000e+05 2.676353808898084026e+02
6.740000000000000000e+02 -1.366721886168900646e+01 2.108850000000000000e+05 2.300539534476881443e+02
6.750000000000000000e+02 -1.384232348870727591e+01 2.066350000000000000e+05 1.632356158903517382e+02
6.760000000000000000e+02 -1.389940681567911440e+01 2.116500000000000000e+05 1.285657938618099649e+02
6.770000000000000000e+02 -1.386141498741284650e+01 2.142850000000000000e+05 2.410979104832466930e+02
6.780000000000000000e+02 -1.380455934392305650e+01 2.050200000000000000e+05 2.350885136626586416e+02
6.790000000000000000e+02 -1.386382114598085380e+01 2.012800000000000000e+05 2.216975726586118753e+02
6.800000000000000000e+02 -1.381525325544054361e+01 1.381250000000000000e+05 3.023205207139329218e+02
6.810000000000000000e+02 -1.379070440573563872e+01 2.130100000000000000e+05 2.181772085664595409e+02
6.820000000000000000e+02 -1.373564001997861972e+01 2.170900000000000000e+05 1.641338389226949346e+02
6.830000000000000000e+02 -1.367632711411601321e+01 2.091850000000000000e+05 1.720406280611603052e+02
6.840000000000000000e+02 -1.368831935926400689e+01 2.645200000000000000e+05 1.286964610086645280e+02
6.850000000000000000e+02 -1.362546085651003125e+01 2.023850000000000000e+05 2.584150639280699693e+02
6.860000000000000000e+02 -1.355559452986751268e+01 2.505800000000000000e+05 1.677684723499408506e+02
6.870000000000000000e+02 -1.351764271372397808e+01 2.065500000000000000e+05 1.081510529554616511e+02
6.880000000000000000e+02 -1.347172936623558748e+01 2.028100000000000000e+05 1.484002432226157850e+02
6.890000000000000000e+02 -1.343478387820269582e+01 1.999200000000000000e+05 1.834516333481026038e+02
6.900000000000000000e+02 -1.344431766611908685e+01 1.969450000000000000e+05 1.466231022164686237e+02
6.910000000000000000e+02 -1.345736690493330201e+01 1.989850000000000000e+05 1.433695286326076541e+02
6.920000000000000000e+02 -1.350514823387828223e+01 2.165800000000000000e+05 1.841755017526277811e+02
6.930000000000000000e+02 -1.353101109331363361e+01 2.116500000000000000e+05 1.639337074166037667e+02
6.940000000000000000e+02 -1.358324049550929757e+01 2.250800000000000000e+05 1.740914340601648007e+02
6.950000000000000000e+02 -1.361053582531993555e+01 2.018750000000000000e+05 1.337450267669822495e+02
6.960000000000000000e+02 -1.362570639626252422e+01 2.047650000000000000e+05 3.141823408214834217e+02
6.970000000000000000e+02 -1.369123512624790528e+01 2.030650000000000000e+05 1.699569067384424557e+02
6.980000000000000000e+02 -1.371737488913004910e+01 2.035750000000000000e+05 1.848188440172659739e+02
6.990000000000000000e+02 -1.369382941372016127e+01 2.547450000000000000e+05 2.377505259319192703e+02
7.000000000000000000e+02 -1.378550799624005485e+01 2.053600000000000000e+05 3.668935617854413067e+02
7.010000000000000000e+02 -1.375967227186040276e+01 2.150500000000000000e+05 1.891628450177641412e+02
7.020000000000000000e+02 -1.374480893170339080e+01 1.992400000000000000e+05 2.143036757878133471e+02
7.030000000000000000e+02 -1.379459577399002512e+01 1.322600000000000000e+05 2.652700293597122254e+02
7.040000000000000000e+02 -1.380966974020419791e+01 2.064650000000000000e+05 2.416867418612228562e+02
7.050000000000000000e+02 -1.378805412772436867e+01 2.063800000000000000e+05 1.967128252286929921e+02
7.060000000000000000e+02 -1.373582852583378688e+01 1.667700000000000000e+05 1.353768119654757527e+02
7.070000000000000000e+02 -1.370006823148450437e+01 2.079950000000000000e+05 1.641235673262511625e+02
7.080000000000000000e+02 -1.366175879970793972e+01 2.032350000000000000e+05 1.375173340851529815e+02
7.090000000000000000e+02 -1.357903431048760723e+01 2.070600000000000000e+05 1.796359652309425314e+02
7.100000000000000000e+02 -1.353751398277315943e+01 6.460000000000000000e+04 1.833529505810029434e+02
7.110000000000000000e+02 -1.346763353444639044e+01 2.000900000000000000e+05 2.063088389205388467e+02
7.120000000000000000e+02 -1.347030286251731468e+01 2.191300000000000000e+05 1.027036374108543839e+02
7.130000000000000000e+02 -1.347420842430604715e+01 2.040850000000000000e+05 1.839399250104827672e+02
7.140000000000000000e+02 -1.350507780964391458e+01 2.097800000000000000e+05 2.091402579681426914e+02
7.150000000000000000e+02 -1.353370006917759305e+01 1.490050000000000000e+05 2.302294640049702821e+02
7.160000000000000000e+02 -1.357548364947212960e+01 1.097350000000000000e+05 6.098080954009220989e+01
7.170000000000000000e+02 -1.360737380073243763e+01 2.017900000000000000e+05 1.780064802078130697e+02
7.180000000000000000e+02 -1.363606101662388426e+01 2.129250000000000000e+05 2.030861314838139720e+02
7.190000000000000000e+02 -1.370937311019769567e+01 2.063800000000000000e+05 1.538004079676607319e+02
7.200000000000000000e+02 -1.371394904395022962e+01 2.669850000000000000e+05 1.791005695045237189e+02
7.210000000000000000e+02 -1.369706834838704879e+01 2.050200000000000000e+05 1.120997960359372314e+02
7.220000000000000000e+02 -1.375154037460464274e+01 2.616300000000000000e+05 2.545434504054801721e+02
7.230000000000000000e+02 -1.377190948691708883e+01 2.009400000000000000e+05 2.098393669940127495e+02
7.240000000000000000e+02 -1.374275124882724697e+01 1.603950000000000000e+05 1.918781740584373381e+02
7.250000000000000000e+02 -1.373221349379692668e+01 2.655400000000000000e+05 1.686689140427351106e+02
7.260000000000000000e+02 -1.374826780065019527e+01 2.105450000000000000e+05 3.269906679824623552e+02
7.270000000000000000e+02 -1.370783031146161335e+01 2.054450000000000000e+05 1.986796926642236656e+02
7.280000000000000000e+02 -1.365394587845310959e+01 1.514700000000000000e+05 1.416570657168338414e+02
7.290000000000000000e+02 -1.357324601489382765e+01 2.079100000000000000e+05 1.757084977506892187e+02
7.300000000000000000e+02 -1.353602684665248113e+01 1.325150000000000000e+05 1.569015894935916151e+02
7.310000000000000000e+02 -1.347868109496848987e+01 2.038300000000000000e+05 9.713100816640653079e+01
7.320000000000000000e+02 -1.351411165422735472e+01 2.631600000000000000e+05 2.429145728662977888e+02
7.330000000000000000e+02 -1.353810571286681252e+01 2.159000000000000000e+05 1.470945768832463614e+02
7.340000000000000000e+02 -1.356702346866945064e+01 2.083350000000000000e+05 4.275973724121292889e+02
7.350000000000000000e+02 -1.358913726442609793e+01 2.537250000000000000e+05 6.355310659731248961e+02
7.360000000000000000e+02 -1.365653895051046973e+01 2.623100000000000000e+05 1.837931413026620930e+02
7.370000000000000000e+02 -1.367179250038402394e+01 1.294550000000000000e+05 2.721176346966831829e+02
7.380000000000000000e+02 -1.373537133154196432e+01 2.462450000000000000e+05 3.127837515939347099e+02
7.390000000000000000e+02 -1.371088938389915413e+01 2.444600000000000000e+05 1.838781994456253983e+02
7.400000000000000000e+02 -1.369531872352390423e+01 5.278500000000000000e+04 1.344372786750528235e+02
7.410000000000000000e+02 -1.370326515447947457e+01 2.664750000000000000e+05 2.455187428189827301e+02
7.420000000000000000e+02 -1.369694584571394991e+01 2.583150000000000000e+05 1.552535018245871186e+02
7.430000000000000000e+02 -1.371401376884160861e+01 1.071850000000000000e+05 2.674412156715072229e+02
7.440000000000000000e+02 -1.358558673736080280e+01 2.193000000000000000e+05 1.847786900571979345e+02
7.450000000000000000e+02 -1.355646534747520171e+01 1.424600000000000000e+05 1.405872445270151161e+02
7.460000000000000000e+02 -1.349573270473426945e+01 2.640100000000000000e+05 2.058238722037683885e+02
7.470000000000000000e+02 -1.355792268340174722e+01 2.536400000000000000e+05 1.655337354092966962e+02
7.480000000000000000e+02 -1.358810049161709799e+01 2.629900000000000000e+05 5.383301157745047476e+02
7.490000000000000000e+02 -1.363364837626212456e+01 1.652400000000000000e+05 2.820221841266609317e+02
7.500000000000000000e+02 -1.367382131824902203e+01 1.864050000000000000e+05 1.762760759790807867e+02
7.510000000000000000e+02 -1.366537991316650391e+01 2.634150000000000000e+05 1.842696661219086138e+02
7.520000000000000000e+02 -1.367282811298413847e+01 2.222750000000000000e+05 1.241377216349440857e+02
7.530000000000000000e+02 -1.369385528068615265e+01 2.070600000000000000e+05 1.647111565692339923e+02
7.540000000000000000e+02 -1.366533120016750225e+01 2.110550000000000000e+05 2.374397942331115416e+02
7.550000000000000000e+02 -1.364582789389905315e+01 2.547450000000000000e+05 2.075895417098360838e+02
7.560000000000000000e+02 -1.358671292119502638e+01 2.719150000000000000e+05 1.745147732564623198e+02
7.570000000000000000e+02 -1.355998739607661641e+01 2.534700000000000000e+05 2.162321144204472034e+02
7.580000000000000000e+02 -1.354700881342086660e+01 1.005550000000000000e+05 1.904539320739344248e+02
7.590000000000000000e+02 -1.361085381781063930e+01 2.107150000000000000e+05 1.747922028829477767e+02
7.600000000000000000e+02 -1.364770996379135859e+01 2.492200000000000000e+05 3.674503655149354131e+02
7.610000000000000000e+02 -1.367666009905353697e+01 2.638400000000000000e+05 5.964307418308121669e+02
7.620000000000000000e+02 -1.366237029294700811e+01 2.123300000000000000e+05 1.718218690570897422e+02
7.630000000000000000e+02 -1.358869149531259879e+01 1.071850000000000000e+05 2.902753146328050207e+02
7.640000000000000000e+02 -1.359582740717039329e+01 1.927800000000000000e+05 2.561205645525220120e+02
7.650000000000000000e+02 -1.359609634700004221e+01 1.595450000000000000e+05 1.247826046955145927e+02
7.660000000000000000e+02 -1.361211527822054279e+01 2.157300000000000000e+05 2.710591801941573067e+02
7.670000000000000000e+02 -1.361821808657728283e+01 1.141550000000000000e+05 1.403066100451904390e+02
